1b30f8cb02e1b4a03efe3a75e54d3564           0.0      0.9      -41378.3                                    -5.37218                                    -33901.1                                    299.316                                     0.0                                        
2056cef137509b280074b13bfd6f9df5           0.0      0.5      -42015.1                                    79.536                                      -34539.0                                    299.273                                     0.0                                        
27277d2836a8b3219ecf93a8d232cffb           0.55     1.0      -41280.1                                    17.058                                      -33804.8                                    299.242                                     0.0                                        
291310fe57deb69fed0c907b387713d2           0.0      0.225    -43366.2                                    -74.3451                                    -35946.9                                    296.998                                     0.0                                        
418de272c7313c1f780685002bf0a685           0.0      0.7      -41578.8                                    46.6632                                     -34130.0                                    298.178                                     0.0                                        
52fc28fb6fbff59ce3344f165f21b2b7           0.0      0.075    -44172.4                                    -39.9587                                    -36708.0                                    298.807                                     0.0                                        
73a8cb71c3ee810b8ff749edbaf905a3           0.0      0.8      -41511.2                                    -152.488                                    -34136.7                                    295.206                                     0.0                                        
8441ba19781fa583a1efa684f5a3eb4c           0.0      0.15     -43660.5                                    28.2183                                     -36178.5                                    299.513                                     0.0                                        
863f080480527b20b6c984b8b6a41554           0.1      1.0      -41231.4                                    57.5331                                     -33791.9                                    297.811                                     0.0                                        
8f74e581b3f536457115771179ad01e7           0.0      0.6      -41720.6                                    44.7482                                     -34242.1                                    299.368                                     0.0                                        
9d7c7258fb94ecc17234b9ba628c83c7           0.7      1.0      -41214.4                                    79.9357                                     -33747.5                                    298.906                                     0.0                                        
a8fa8ffac0e09822c8348676c42bae6e           0.25     1.0      -41343.0                                    43.173                                      -33942.7                                    296.239                                     0.0                                        
b3711a7532fc86c587333d2da4a9ec6c           1.0      1.0      -41353.2                                    -12.5065                                    -33950.1                                    296.35                                      0.0                                        
c2597a69b4c32058a05cdcda3aaabfb0           0.0      0.4      -42465.5                                    47.4671                                     -35008.5                                    298.507                                     0.0                                        
c91d8fde34cba56e18c291f0a131c34b           0.85     1.0      -41209.9                                    -34.5917                                    -33703.0                                    300.507                                     0.0                                        
e00c009c603c1d0d34b7194600e2491e           0.0      0.3      -42874.3                                    87.2613                                     -35383.4                                    299.864                                     0.0                                        
e7c0409463b96d94d80ca90df746039b           0.0      0.0      -44709.1                                    -13.1253                                    -37301.4                                    296.533                                     0.0                                        
f3f1c64e49072cd165f7a55f48179e07           0.4      1.0      -41221.2                                    56.7445                                     -33731.5                                    299.816                                     0.0                                        
f6a9ddd1a3ff410abfa9181c2871a808           0.0      1.0      -41463.9                                    57.7267                                     -34097.3                                    294.89                                      0.0                                        
